75115 2397 30258 44650 17390 70267 75579 33053 13761 1021 49211 83547 96087 90087 36945 64689 18802 18133 77180 18050 77494 94948 71661 172 90504 77866 27694 69257 84840 72550 2024 40594 89288 99026 16822 9949 75848 7125 13444 39175 81424 68021 83011 76844 99145 43721 10092 9235 36824 98573 55534 72327 73592 95886 1782 93568 44083 49542 95642 45281 29021 12930 38210 7834 93037 83774 86067 1837 67288 83538 51609 28493 87915 29509 6577 54499 26437 47136 52944 25323 14096 60350 44211 47611 49242 10495 74468 57891 62132 46396 
27469 10987 16481 21975 21974 5493 27469 10986 21975 10987 27469 5492 16481 16480 28612 27468 5492 16480 10986 10986 10987 15535 16481 10986 16480 5493 5493 21975 27468 21974 21974 16481 16481 38457 16481 5492 21975 16480 32963 5493 16480 5492 10987 29307 5493 21974 10986 21974 5492 21974 16481 16481 21975 21975 16481 256102 10986 21974 16481 10986 21974 38456 32963 5493 10987 5493 21975 16480 5493 5492 38456 111182 10986 5492 21975 5493 21974 10987 10986 21975 16480 21974 16480 10987 16481 186747 21974 5492 16481 5492 5493 21974 16480 79188 27468 27469 16481 16480 5492 16481 32963 16481 21974 16481 16481 10987 21974 10986 102607 27469 10987 21975 16480 27468 10987 16480 182117 32963 21975 16480 27468 5493 10986 32963 10986 10986 10987 16481 47944 10986 21975 218104 10986 16481 5493 10986 10986 16480 64138 5492 16480 5492 21974 16481 27468 5492 38456 27469 32963 38456 10986 5492 10986 5493 27468 5492 5492 27468 10987 27469 16480 10987 16481 16480 16480 21975 68090 16481 16481 21975 21975 21975 10987 27468 16481 21974 16481 21975 10986 16480 5493 5492 21974 41966 16480 5493 5493 5493 5493 5492 32962 10987 10987 21974 10987 5493 16481 94178 27469 10986 16481 10987 
48 81 85 24 42 45 
56 26 58 79 
85 77 47 
32 4 85 25 41 
18 68 69 61 
39 
50 67 7 42 60 47 
80 75 
84 57 75 12 60 46 
33 44 46 
2 82 70 25 74 46 
26 59 
10 62 78 
1 37 69 55 58 76 
57 76 29 
33 19 52 5 70 77 
19 29 
48 17 34 58 
48 21 63 
40 26 
21 85 57 
88 
18 44 30 
19 5 
35 86 55 12 44 
39 
19 63 
70 86 43 44 
86 23 11 27 77 
49 4 11 77 
36 52 38 75 13 
88 73 75 12 60 13 
2 36 10 44 
1 81 66 69 28 44 61 14 
85 22 74 31 
53 8 
49 21 37 74 
32 6 86 60 
3 68 53 39 46 78 47 
16 51 22 79 
86 39 55 62 
9 
53 22 26 47 
72 
7 9 
59 44 60 62 15 
83 4 55 
48 18 76 13 45 
70 
4 70 40 43 12 
49 67 70 
66 83 8 
64 69 26 58 11 
51 68 70 55 89 11 59 
18 36 24 75 
16 81 53 22 56 88 57 58 29 
81 51 67 38 57 
37 55 26 43 31 
20 9 26 
55 24 61 
33 2 86 61 79 
32 4 6 40 42 43 61 31 
66 84 23 40 42 74 
16 33 40 
54 10 60 
36 76 30 
2 34 6 72 41 77 
64 51 87 42 11 
10 
80 63 
2 66 35 87 24 89 26 58 14 
59 12 
89 28 
46 
84 21 14 15 
6 60 
13 14 15 79 
84 11 
28 15 63 
84 56 11 14 78 
48 51 68 41 
80 34 3 37 
18 24 88 28 
0 69 6 26 
65 50 76 78 63 
0 16 33 51 6 88 63 
41 73 10 44 45 
36 22 45 
65 66 71 
82 36 87 
27 
80 33 18 66 21 54 76 
82 35 85 
6 72 29 
23 10 26 45 77 
67 20 21 38 71 56 
3 68 41 29 
64 83 6 22 55 45 
71 
5 7 39 24 
32 48 81 35 52 25 27 62 
2 37 28 
84 23 39 8 29 
33 34 3 38 58 
85 57 44 79 
71 14 
9 89 62 78 
67 40 
0 33 88 
80 37 8 42 46 
71 44 
34 70 56 43 30 
36 8 9 25 46 
0 81 3 71 61 62 47 
16 69 58 47 
87 11 28 44 63 
16 81 36 57 58 29 
18 82 5 85 58 13 62 
50 20 52 39 
19 44 76 79 
32 35 68 21 22 30 
18 55 25 
56 41 42 
66 19 37 24 9 13 
52 59 45 
37 53 38 
84 71 
17 53 22 89 45 
53 
5 58 43 
3 52 39 43 
51 55 87 72 25 57 29 
20 52 54 
1 33 37 30 
15 
35 52 
65 68 72 
0 66 9 15 63 
54 56 25 59 76 
81 84 
3 89 62 
9 
68 39 73 26 31 
54 72 74 13 30 
0 2 35 74 11 60 
89 59 
66 19 67 36 24 40 13 77 
50 52 88 27 76 14 47 
1 18 35 20 39 26 
2 66 37 69 44 30 79 
5 55 47 
33 3 25 
84 57 62 
24 
16 17 49 4 39 13 
84 87 
16 20 57 
49 51 67 37 60 45 
48 57 79 
4 70 7 25 75 62 31 
49 72 73 44 30 
49 35 56 29 
35 4 22 54 43 76 
64 82 52 56 72 
18 4 36 41 
86 27 75 78 
55 56 76 
1 82 84 
3 5 23 56 
64 65 3 22 43 
19 36 37 88 73 77 78 
48 49 34 39 
49 89 
17 2 3 19 88 26 
2 38 71 
1 86 55 73 14 78 63 
82 71 56 89 
65 83 54 71 12 78 63 
37 56 76 45 
81 83 74 28 
33 23 
36 37 88 
0 3 52 54 8 76 30 
25 29 63 
67 21 6 71 
3 55 57 
2 73 58 
85 6 
6 23 
35 12 
2 34 68 10 13 79 
66 75 
37 47 
3 51 84 24 13 
56 57 26 27 
51 5 53 
27 13 47 
7 57 73 59 76 
65 83 86 87 9 62 
52 5 
17 23 79 
50 40 12 
